   0.00   0.90   0.67   1.00   0.98   0.51
   0.90   0.00   0.43   0.82   0.58   0.55
   0.67   0.43   0.00   0.94   0.82   0.16
   1.00   0.82   0.94   0.00   0.41   0.95
   0.98   0.58   0.82   0.41   0.00   0.86
   0.51   0.55   0.16   0.95   0.86   0.00
