   0.00   0.95   0.08   0.94   0.98   0.54
   0.95   0.00   0.89   0.03   0.17   0.97
   0.08   0.89   0.00   0.86   0.94   0.49
   0.94   0.03   0.86   0.00   0.20   0.96
   0.98   0.17   0.94   0.20   0.00   0.99
   0.54   0.97   0.49   0.96   0.99   0.00
