   0.00   0.91   0.98   1.00   0.86   0.97
   0.91   0.00   0.56   0.77   0.23   0.33
   0.98   0.56   0.00   0.31   0.72   0.29
   1.00   0.77   0.31   0.00   0.88   0.59
   0.86   0.23   0.72   0.88   0.00   0.54
   0.97   0.33   0.29   0.59   0.54   0.00
