   0.00   0.97   0.97   0.98   0.99   1.00
   0.97   0.00   0.03   0.15   0.21   0.73
   0.97   0.03   0.00   0.12   0.24   0.76
   0.98   0.15   0.12   0.00   0.37   0.85
   0.99   0.21   0.24   0.37   0.00   0.62
   1.00   0.73   0.76   0.85   0.62   0.00
